A = [4 2 1; 7 0 -7; 1 -5 3];
B = [1 2 -1; 5 3 3; 4 5 -7];
C = [1 ;-2; 4];

A+B
A-B
3.*A
A*B
A*C